327
71
915
242
72
158
616
227
684
93
310
184
902
277
227
501
201
489
2371
87
714
249
429
131
318
260
343
379
164
2370
628
311
261
3253
1412
149
206
111
151
3130
194
270
122
584
215
369
138
372
26235
2227
619
140
121
75
416
123
669
690
394
164
189
39
26137
312
60
595
666
402
82
439
1573
1351
785
94
25216
1393
484
86
287
50
502
3283
650
200
142
46
57
98
53
425
1565
725
268
11967
3440
313
48
7405
585
75
2750
87
110
142
402
687
453
350
307
98
53
433
92
112161
222
256
807
206
133
139
155
560
218
2171
932
142
155
4203
125
172
181
330
76
1238
87
282
106
118
404
75
152
665
728
164
368
1042
402
241
269
344
558
167
166
75
165
846
120795
241
210
48
217
30
790
98
828
337
127
166
231
93
114
34
86
206
790
157
307
269
1012
54
262
887
84
60
1385
105
268
122
108
146
226
68
36
633
145
5960
107409
80
76
1086
103
129
586
1753
144
205
47
1046
421
207
682
288
930
57
139
84
158
35
124
124
75
89
94
271
136
585
118
977
74
205
665
1186
247
155
242
108
1404
406
505
177
691
106
214
390
58
48
2447
30
882
229
114325
599
1053
434
75
48
978
159
105
501
603
35
126
89
484
56
476
191
93
272
1118
142
168
260
366
1229
84
494
734
576
1183
105
267
458
239
52
174
987
413209
70
358
389
54
275
211
266
524
6572
999
865
18943
1160
197
119
82
675
152
124
1048
40
510
1929
2175
934
857
139
1681
72
155
126
170
496
75
364
74
89
86
50
63
71
286
43
142
33
138
87
116
158
68
404
925
74
113
121
56
201
169
655
246
240
78
366
107
402
286
84
268
231
99
102
4672
592
2272
125
33
1645
232
91
484
84
109
553
194
233
35981
45
59
228
36
263
186
79
97
51
304
271
139
1007
123
553
258
369
55
83
62
498
107
2073
108
276
1081
545
509
987
86
204
357
181
178
328
70
107
80
91
56
