123
548
126
242
76
119
54
581
40
533
71
550
303
82
190
113
69
328
34
198
526
99
185
1253
53
964
629
58
1211
549
146
110
45
3158
210
32
980
167
612
104
47
1313
516
226
51
592
722
111
107
309
205
305
518
72
78
503
878
59
792
122
236
153
1107
1134
73
34
72
88
529
408
1197
444
299
4094
105
475
861
158
117
413
60
641
183
667
4642
376
167
959
1482
1245
168
1367
2439
117
92
246
82
2088
73
170
123
721
1905
390
1326
575
86
205
136
108
77
1000
116
948
1253
511
587
294
1782
1974
1969
96
144
125
71
114
741
695
2850
519
7196
68
158
1902
39
396
2494
89
1141
476
189
106
156
429
446
345
265
127
86
143
648
265
7538
46
1088
618
128
5322
97
71
584
79
164
673
124
158
658
478
1475
110
250
858
117
447
1849
864
78
576
1140
1597
812
74
88
915
160
517
243
172
149
252
193
78
43
30
132
545
1667
9642
390
176
1700
318
82
922
592
90
595
105
911
723
657
1011
371
1033
727
251
85
539
242
703
145
191
290
1893
65
1071
507
193
1003
171
125
1389
470
115
168
35
75
302
2813
294
4028
63
2016
80
106
632
76
7599
122
468
367
707
663
276
196
874
20487
53
82
106
468
1088
232
409
281
479
73
334
56
619
101
12909
111
94
186
128
449
564
77
206
193
998
382
349
173
175
441
1052
73
78
1147
769
485
91
434
166
87
968
77
682
1019
318
1334
1976
2799
452
856
164
551
1038
121
419
9451
608
646
91
185
1344
113
673
201
380
154
143
950
223
1418
2383
601
232
119
1358
46
2446
312
1984
149
90
244
123
102
94
2523
474
71
2034
168
347
128
1161
2572
1762
207
738
2009
552
102
3700
455
68
151
624
734
356
279
192
432
156
148
125
112
37
294
1108
1039
1130
102
689
1004
556
447
962
13323
350
246
905
2115
413
139
112
448
362
599
137
3042
1162
413
475
358
2918
381
104
96
154
965
845
718
4461
261
247
79
1795
324
460
890
188
392
1136
649
71
430
357
132
86
2007
168
2176
668
1754
1024
1532
794
614
249
219
114
296
281
180
93
1343
1083
975
625
1334
158
2398
1317
3440
112
257
110
2885
6436
3381
403
104
208
206
6034
345
649
712
589
43
255
140
329
2220
173
309
203
95
2364
128
716
1177
197
189
1725
2203
100
179
2586
96
1784
144
194
326
177
824
401
1476
61
190
344
244
1835
912
428
137
438
1912
579
498
172
474
735
143
313
344
126
406
288
577
207
115
70
93
67
120
49
35
2376
67
383
22514
259
661
260
210
228
140
815
80
2142
87
114
12883
182
69
368
3717
428
124
201
545
2481
466
349
1198
824
285
2328
45
592
102
1247
184
124
908
450
196
662
382
346
173
1030
447
1050
249
236
523
83
536
238
1138
764
486
703
430
190
202
137
284
768
1333
1708
509
451
194
4048
852
167
173
118
127
417
642
92
188
333
152
1442
4323
170
381
162
165
954
3651
1818
1439
1359
493
382
157
243
2465
642
2983
1964
317
2125
91
75
246
426
353
633
2901
70
166
2631
723
112
739
2257
55
85
567
3804
68
133
289
389
215
235
491
277
356
469
157
164
89
55
997
195
4767
313
1389
577
51
207
201
2227
1503
443
240
2604
2879
380
74
392
227
597
712
639
1145
659
1578
147
36
3057
352
1153
270
1744
551
2155
759
153
2395
198
857
1223
2459
400
8108
227
1800
1152
464
189
396
3625
432
357
168
4886
2161
681
959
792
316
217
113
85
480
108
1013
867
93
218
1485
103
4129
110
256
1112
2648
2885
6528
121
208
209
1847
346
873
648
583
232
140
575
4485
303
808
73
203
118
719
2193
606
102
325
1731
1388
1927
137
984
394
2912
136
923
268
117
145
647
85
399
323
181
400
1379
195
769
49
1464
625
892
147
655
390
149
172
624
217
243
610
191
233
118
203
76
2957
4280
119
145
55
185
827
207
7716
180
1220
803
1235
250
1048
2306
518
13298
50
294
196
559
30505
80
132
1538
82
1065
354
824
155
362
129
96
1277
355
2031
23161
80
398
115
39
123
200
441
104
466
2489
352
92
1195
226
837
669
285
477
161
283
2323
78
331
595
625
105
407
13440
1836
1625
92
1050
191
126
907
714
447
572
31
200
101
999
656
382
342
173
62
173
1030
446
1060
247
770
81
530
72
239
1140
770
489
699
658
1459
1107
195
3008
201
88
155
433
288
171
86
956
116
684
1018
427
1334
1964
503
2982
196
449
4031
138
859
167
97
557
170
1031
121
124
85
420
4519
602
639
487
91
181
2157
1340
4899
111
6080
86
202
3440
383
166
655
399
141
955
42997
227
86
1818
1432
1326
598
1498
232
117
1369
1049
122
1977
490
383
157
245
2446
319
312
474
640
4536
1985
317
2638
149
94
247
122
101
432
582
360
521
2648
471
593
3862
71
170
347
3492
127
1189
1842
3428
2206
61
202
738
494
3027
354
556
2252
105
82
100
15992
864
64
231
137
153
163
706
755
551
592
450
465
386
231
599
316
708
351
640
173
1133
652
473
145
750
3049
1157
481
4257
1728
556
630
102
2152
1086
753
97
174
153
2389
816
855
1241
186
394
719
4448
248
868
489
8100
62
227
118
81
1793
82
327
1144
466
185
389
1124
3613
592
74
151
432
355
139
172
86
4875
64
2166
673
43
1920
1039
1532
793
622
317
219
649
112
104
296
285
81
183
97
1358
1357
1096
479
657
977
109
1013
68
250
632
1343
160
867
2456
1721
105
4120
109
261
107
1117
142
2894
6427
3384
1723
105
122
208
204
1842
6219
344
648
857
274
705
591
1794
140
230
251
136
582
343
2230
6599
1586
176
308
211
72
201
87
430
225
496
97
1572
2363
721
2201
157
605
1174
72
196
188
1747
124
383
1372
2320
101
189
138
986
388
3983
510
224
1774
928
265
118
140
647
393
278
361
321
178
917
392
2368
61
195
944
1537
341
1383
1882
245
2333
2799
1824
151
1334
511
144
276
1005
528
3698
574
1283
577
168
470
1025
1244
45
952
142
539
1614
265
127
526
814
260
253
859
457
513
244
114
314
629
377
248
148
65
134
146
122
204
301
129
71
79
120
42
72
